250
1 2
1 113
3 1
3 4
3 5
3 6
6 7
8 6
8 9
10 8
10 11
10 20
12 10
12 13
14 12
14 15
14 16
14 17
18 12
18 19
20 21
20 22
23 22
23 24
23 25
26 23
26 27
26 28
29 26
29 30
29 31
32 22
32 29
32 33
32 34
34 35
36 34
36 37
38 36
38 39
38 40
38 41
41 42
43 41
43 44
45 43
45 46
45 61
47 45
47 48
47 49
47 50
51 50
51 52
53 51
53 54
55 53
55 56
57 55
57 58
59 50
59 57
59 60
61 62
63 61
63 64
65 63
65 66
65 78
67 65
67 68
67 69
70 67
70 71
70 72
70 73
73 74
75 73
75 76
75 77
78 79
80 78
80 81
82 80
82 83
82 92
84 82
84 85
86 84
86 87
86 88
86 89
90 84
90 91
92 93
92 94
95 94
95 96
95 97
98 95
98 99
98 100
101 98
101 102
101 103
104 94
104 101
104 105
104 106
106 107
108 106
108 115
109 108
109 110
109 116
110 111
112 109
112 113
112 117
112 118
113 114
119 110
119 120
121 119
121 122
121 127
123 121
123 124
123 125
123 126
127 128
129 127
129 130
131 129
131 132
131 151
133 131
133 134
133 135
136 133
136 137
136 138
139 136
139 140
139 141
142 139
142 143
142 144
145 144
145 146
145 147
148 144
148 149
148 150
151 152
153 151
153 154
155 153
155 156
155 167
157 155
157 158
159 157
159 160
159 161
159 162
163 157
163 164
163 165
163 166
167 168
169 167
169 170
171 169
171 172
171 186
173 171
173 174
175 173
175 176
175 177
175 178
179 173
179 180
179 181
182 179
182 183
182 184
182 185
186 187
188 186
188 189
190 188
190 191
190 197
192 190
192 193
192 194
195 192
195 196
197 198
199 197
199 200
201 199
201 202
201 221
203 201
203 204
203 205
206 203
206 207
206 208
209 206
209 210
209 211
212 209
212 213
212 214
215 214
215 216
215 217
218 214
218 219
218 220
221 222
223 221
223 224
225 223
225 226
225 241
227 225
227 228
227 229
227 230
231 230
231 232
233 231
233 234
235 233
235 236
237 235
237 238
239 230
239 237
239 240
241 242
243 241
243 244
245 243
245 246
245 247
245 248
248 249
248 250
1 3 6
1 113 112
1 113 114
2 1 113
3 1 2
3 1 113
3 6 7
3 6 8
4 3 1
4 3 5
4 3 6
5 3 1
5 3 6
8 6 7
8 10 20
9 8 6
10 8 6
10 8 9
10 20 21
10 20 22
11 10 8
11 10 20
12 10 8
12 10 11
12 10 20
13 12 10
14 12 10
14 12 13
15 14 12
15 14 16
15 14 17
16 14 12
16 14 17
17 14 12
18 12 10
18 12 13
18 12 14
19 18 12
21 20 22
22 32 34
23 22 20
24 23 22
24 23 25
25 23 22
26 23 22
26 23 24
26 23 25
27 26 23
27 26 28
28 26 23
29 26 23
29 26 27
29 26 28
29 32 22
29 32 34
30 29 26
30 29 31
31 29 26
32 22 20
32 22 23
32 29 26
32 29 30
32 29 31
32 34 35
32 34 36
33 32 22
33 32 29
33 32 34
36 34 35
36 38 41
37 36 34
38 36 34
38 36 37
38 41 42
38 41 43
39 38 36
39 38 40
39 38 41
40 38 36
40 38 41
43 41 42
43 45 61
44 43 41
45 43 41
45 43 44
45 47 50
45 61 62
45 61 63
46 45 43
46 45 61
47 45 43
47 45 46
47 45 61
48 47 45
48 47 49
48 47 50
49 47 45
49 47 50
51 50 47
52 51 50
53 51 50
53 51 52
54 53 51
55 53 51
55 53 54
56 55 53
57 55 53
57 55 56
57 59 50
58 57 55
59 50 47
59 50 51
59 57 55
59 57 58
60 59 50
60 59 57
63 61 62
63 65 78
64 63 61
65 63 61
65 63 64
65 78 79
65 78 80
66 65 63
66 65 78
67 65 63
67 65 66
67 65 78
67 70 73
68 67 65
68 67 69
69 67 65
70 67 65
70 67 68
70 67 69
70 73 74
71 70 67
71 70 72
71 70 73
72 70 67
72 70 73
75 73 70
75 73 74
76 75 73
76 75 77
77 75 73
80 78 79
80 82 92
81 80 78
82 80 78
82 80 81
82 92 93
82 92 94
83 82 80
83 82 92
84 82 80
84 82 83
84 82 92
85 84 82
86 84 82
86 84 85
87 86 84
87 86 88
87 86 89
88 86 84
88 86 89
89 86 84
90 84 82
90 84 85
90 84 86
91 90 84
93 92 94
94 104 106
95 94 92
96 95 94
96 95 97
97 95 94
98 95 94
98 95 96
98 95 97
99 98 95
99 98 100
100 98 95
101 98 95
101 98 99
101 98 100
101 104 94
101 104 106
102 101 98
102 101 103
103 101 98
104 94 92
104 94 95
104 101 98
104 101 102
104 101 103
104 106 107
104 106 108
105 104 94
105 104 101
105 104 106
108 106 107
108 109 110
109 108 106
109 108 115
109 110 111
109 110 119
109 112 113
112 109 108
112 109 110
112 109 116
112 113 114
115 108 106
116 109 108
116 109 110
117 112 109
117 112 113
117 112 118
118 112 109
118 112 113
119 110 111
119 121 127
120 119 110
121 119 110
121 119 120
121 127 128
121 127 129
122 121 119
122 121 127
123 121 119
123 121 122
123 121 127
124 123 121
124 123 125
124 123 126
125 123 121
125 123 126
126 123 121
129 127 128
129 131 151
130 129 127
131 129 127
131 129 130
131 151 152
131 151 153
132 131 129
132 131 151
133 131 129
133 131 132
133 131 151
134 133 131
134 133 135
135 133 131
136 133 131
136 133 134
136 133 135
137 136 133
137 136 138
138 136 133
139 136 133
139 136 137
139 136 138
139 142 144
140 139 136
140 139 141
141 139 136
142 139 136
142 139 140
142 139 141
143 142 139
143 142 144
145 144 142
146 145 144
146 145 147
147 145 144
148 144 142
148 144 145
149 148 144
149 148 150
150 148 144
153 151 152
153 155 167
154 153 151
155 153 151
155 153 154
155 167 168
155 167 169
156 155 153
156 155 167
157 155 153
157 155 156
157 155 167
158 157 155
159 157 155
159 157 158
160 159 157
160 159 161
160 159 162
161 159 157
161 159 162
162 159 157
163 157 155
163 157 158
163 157 159
164 163 157
164 163 165
164 163 166
165 163 157
165 163 166
166 163 157
169 167 168
169 171 186
170 169 167
171 169 167
171 169 170
171 186 187
171 186 188
172 171 169
172 171 186
173 171 169
173 171 172
173 171 186
174 173 171
175 173 171
175 173 174
176 175 173
176 175 177
176 175 178
177 175 173
177 175 178
178 175 173
179 173 171
179 173 174
179 173 175
180 179 173
180 179 181
181 179 173
182 179 173
182 179 180
182 179 181
183 182 179
183 182 184
183 182 185
184 182 179
184 182 185
185 182 179
188 186 187
188 190 197
189 188 186
190 188 186
190 188 189
190 197 198
190 197 199
191 190 188
191 190 197
192 190 188
192 190 191
192 190 197
193 192 190
193 192 194
194 192 190
195 192 190
195 192 193
195 192 194
196 195 192
199 197 198
199 201 221
200 199 197
201 199 197
201 199 200
201 221 222
201 221 223
202 201 199
202 201 221
203 201 199
203 201 202
203 201 221
204 203 201
204 203 205
205 203 201
206 203 201
206 203 204
206 203 205
207 206 203
207 206 208
208 206 203
209 206 203
209 206 207
209 206 208
209 212 214
210 209 206
210 209 211
211 209 206
212 209 206
212 209 210
212 209 211
213 212 209
213 212 214
215 214 212
216 215 214
216 215 217
217 215 214
218 214 212
218 214 215
219 218 214
219 218 220
220 218 214
223 221 222
223 225 241
224 223 221
225 223 221
225 223 224
225 227 230
225 241 242
225 241 243
226 225 223
226 225 241
227 225 223
227 225 226
227 225 241
228 227 225
228 227 229
228 227 230
229 227 225
229 227 230
231 230 227
232 231 230
233 231 230
233 231 232
234 233 231
235 233 231
235 233 234
236 235 233
237 235 233
237 235 236
237 239 230
238 237 235
239 230 227
239 230 231
239 237 235
239 237 238
240 239 230
240 239 237
243 241 242
243 245 248
244 243 241
245 243 241
245 243 244
245 248 249
245 248 250
246 245 243
246 245 247
246 245 248
247 245 243
247 245 248
249 248 250
1 3 6 7
1 3 6 8
1 113 112 109
1 113 112 117
1 113 112 118
2 1 3 6
2 1 113 112
2 1 113 114
3 1 113 112
3 1 113 114
3 6 8 9
3 6 8 10
4 3 1 2
4 3 1 113
4 3 6 7
4 3 6 8
5 3 1 2
5 3 1 113
5 3 6 7
5 3 6 8
6 3 1 113
6 8 10 20
8 10 20 21
8 10 20 22
9 8 6 7
9 8 10 20
10 8 6 7
10 20 22 23
10 20 22 32
11 10 8 6
11 10 8 9
11 10 20 21
11 10 20 22
12 10 8 6
12 10 8 9
12 10 20 21
12 10 20 22
13 12 10 8
13 12 10 11
13 12 10 20
14 12 10 8
14 12 10 11
14 12 10 20
15 14 12 10
15 14 12 13
16 14 12 10
16 14 12 13
17 14 12 10
17 14 12 13
18 12 10 8
18 12 10 11
18 12 10 20
18 12 14 15
18 12 14 16
18 12 14 17
19 18 12 10
19 18 12 13
19 18 12 14
20 22 32 34
22 32 34 35
23 22 20 21
23 22 32 34
24 23 22 20
25 23 22 20
26 23 22 20
26 29 32 22
26 29 32 34
27 26 23 22
27 26 23 24
27 26 23 25
28 26 23 22
28 26 23 24
28 26 23 25
29 26 23 22
29 26 23 24
29 26 23 25
29 32 22 20
29 32 22 23
29 32 34 35
29 32 34 36
30 29 26 23
30 29 26 27
30 29 26 28
30 29 32 22
30 29 32 34
31 29 26 23
31 29 26 27
31 29 26 28
31 29 32 22
31 29 32 34
32 22 20 21
32 22 23 24
32 22 23 25
32 22 23 26
32 29 26 23
32 29 26 27
32 29 26 28
32 34 36 37
32 34 36 38
33 32 22 20
33 32 22 23
33 32 29 26
33 32 29 30
33 32 29 31
33 32 34 35
33 32 34 36
34 36 38 41
36 34 32 22
36 38 41 42
36 38 41 43
37 36 34 35
37 36 38 41
38 36 34 35
38 41 43 44
38 41 43 45
39 38 36 34
39 38 36 37
39 38 41 42
39 38 41 43
40 38 36 34
40 38 36 37
40 38 41 42
40 38 41 43
41 43 45 61
43 45 47 50
43 45 61 62
43 45 61 63
44 43 41 42
44 43 45 61
45 43 41 42
45 61 63 64
45 61 63 65
46 45 43 41
46 45 43 44
46 45 47 50
46 45 61 62
46 45 61 63
47 45 43 41
47 45 43 44
47 45 61 62
47 45 61 63
48 47 45 43
48 47 45 46
48 47 45 61
49 47 45 43
49 47 45 46
49 47 45 61
51 50 47 45
51 50 47 48
51 50 47 49
52 51 50 47
53 51 50 47
54 53 51 50
54 53 51 52
55 53 51 50
55 53 51 52
55 57 59 50
56 55 53 51
56 55 53 54
57 55 53 51
57 55 53 54
57 59 50 47
57 59 50 51
58 57 55 53
58 57 55 56
58 57 59 50
59 50 47 45
59 50 47 48
59 50 47 49
59 50 51 52
59 50 51 53
59 57 55 53
59 57 55 56
60 59 50 47
60 59 50 51
60 59 57 55
60 59 57 58
61 45 47 50
61 63 65 78
63 65 78 79
63 65 78 80
64 63 61 62
64 63 65 78
65 63 61 62
65 67 70 73
65 78 80 81
65 78 80 82
66 65 63 61
66 65 63 64
66 65 78 79
66 65 78 80
67 65 63 61
67 65 63 64
67 65 78 79
67 65 78 80
67 70 73 74
68 67 65 63
68 67 65 66
68 67 65 78
68 67 70 73
69 67 65 63
69 67 65 66
69 67 65 78
69 67 70 73
70 67 65 63
70 67 65 66
70 67 65 78
71 70 67 65
71 70 67 68
71 70 67 69
71 70 73 74
72 70 67 65
72 70 67 68
72 70 67 69
72 70 73 74
75 73 70 67
75 73 70 71
75 73 70 72
76 75 73 70
76 75 73 74
77 75 73 70
77 75 73 74
78 80 82 92
80 82 92 93
80 82 92 94
81 80 78 79
81 80 82 92
82 80 78 79
82 92 94 95
82 92 94 104
83 82 80 78
83 82 80 81
83 82 92 93
83 82 92 94
84 82 80 78
84 82 80 81
84 82 92 93
84 82 92 94
85 84 82 80
85 84 82 83
85 84 82 92
86 84 82 80
86 84 82 83
86 84 82 92
87 86 84 82
87 86 84 85
88 86 84 82
88 86 84 85
89 86 84 82
89 86 84 85
90 84 82 80
90 84 82 83
90 84 82 92
90 84 86 87
90 84 86 88
90 84 86 89
91 90 84 82
91 90 84 85
91 90 84 86
92 94 104 106
94 104 106 107
95 94 92 93
95 94 104 106
96 95 94 92
97 95 94 92
98 95 94 92
98 101 104 94
98 101 104 106
99 98 95 94
99 98 95 96
99 98 95 97
100 98 95 94
100 98 95 96
100 98 95 97
101 98 95 94
101 98 95 96
101 98 95 97
101 104 94 92
101 104 94 95
101 104 106 107
101 104 106 108
102 101 98 95
102 101 98 99
102 101 98 100
102 101 104 94
102 101 104 106
103 101 98 95
103 101 98 99
103 101 98 100
103 101 104 94
103 101 104 106
104 94 92 93
104 94 95 96
104 94 95 97
104 94 95 98
104 101 98 95
104 101 98 99
104 101 98 100
104 106 108 109
104 106 108 115
105 104 94 92
105 104 94 95
105 104 101 98
105 104 101 102
105 104 101 103
105 104 106 107
105 104 106 108
106 108 109 110
108 106 104 94
108 109 110 111
108 109 110 119
108 109 112 113
109 108 106 107
109 110 119 120
109 110 119 121
109 112 113 114
110 119 121 127
112 109 108 106
112 109 108 115
112 109 110 111
112 109 110 119
113 112 109 110
115 108 106 107
115 108 109 110
116 109 108 106
116 109 108 115
116 109 110 111
116 109 110 119
116 109 112 113
117 112 109 108
117 112 109 110
117 112 109 116
117 112 113 114
118 112 109 108
118 112 109 110
118 112 109 116
118 112 113 114
119 121 127 128
119 121 127 129
120 119 110 111
120 119 121 127
121 119 110 111
121 127 129 130
121 127 129 131
122 121 119 110
122 121 119 120
122 121 127 128
122 121 127 129
123 121 119 110
123 121 119 120
123 121 127 128
123 121 127 129
124 123 121 119
124 123 121 122
124 123 121 127
125 123 121 119
125 123 121 122
125 123 121 127
126 123 121 119
126 123 121 122
126 123 121 127
127 129 131 151
129 131 151 152
129 131 151 153
130 129 127 128
130 129 131 151
131 129 127 128
131 151 153 154
131 151 153 155
132 131 129 127
132 131 129 130
132 131 151 152
132 131 151 153
133 131 129 127
133 131 129 130
133 131 151 152
133 131 151 153
134 133 131 129
134 133 131 132
134 133 131 151
135 133 131 129
135 133 131 132
135 133 131 151
136 133 131 129
136 133 131 132
136 133 131 151
136 139 142 144
137 136 133 131
137 136 133 134
137 136 133 135
138 136 133 131
138 136 133 134
138 136 133 135
139 136 133 131
139 136 133 134
139 136 133 135
140 139 136 133
140 139 136 137
140 139 136 138
140 139 142 144
141 139 136 133
141 139 136 137
141 139 136 138
141 139 142 144
142 139 136 133
142 139 136 137
142 139 136 138
143 142 139 136
143 142 139 140
143 142 139 141
145 144 142 139
145 144 142 143
146 145 144 142
147 145 144 142
148 144 142 139
148 144 142 143
148 144 145 146
148 144 145 147
149 148 144 142
149 148 144 145
150 148 144 142
150 148 144 145
151 153 155 167
153 155 167 168
153 155 167 169
154 153 151 152
154 153 155 167
155 153 151 152
155 167 169 170
155 167 169 171
156 155 153 151
156 155 153 154
156 155 167 168
156 155 167 169
157 155 153 151
157 155 153 154
157 155 167 168
157 155 167 169
158 157 155 153
158 157 155 156
158 157 155 167
159 157 155 153
159 157 155 156
159 157 155 167
160 159 157 155
160 159 157 158
161 159 157 155
161 159 157 158
162 159 157 155
162 159 157 158
163 157 155 153
163 157 155 156
163 157 155 167
163 157 159 160
163 157 159 161
163 157 159 162
164 163 157 155
164 163 157 158
164 163 157 159
165 163 157 155
165 163 157 158
165 163 157 159
166 163 157 155
166 163 157 158
166 163 157 159
167 169 171 186
169 171 186 187
169 171 186 188
170 169 167 168
170 169 171 186
171 169 167 168
171 186 188 189
171 186 188 190
172 171 169 167
172 171 169 170
172 171 186 187
172 171 186 188
173 171 169 167
173 171 169 170
173 171 186 187
173 171 186 188
174 173 171 169
174 173 171 172
174 173 171 186
175 173 171 169
175 173 171 172
175 173 171 186
176 175 173 171
176 175 173 174
177 175 173 171
177 175 173 174
178 175 173 171
178 175 173 174
179 173 171 169
179 173 171 172
179 173 171 186
179 173 175 176
179 173 175 177
179 173 175 178
180 179 173 171
180 179 173 174
180 179 173 175
181 179 173 171
181 179 173 174
181 179 173 175
182 179 173 171
182 179 173 174
182 179 173 175
183 182 179 173
183 182 179 180
183 182 179 181
184 182 179 173
184 182 179 180
184 182 179 181
185 182 179 173
185 182 179 180
185 182 179 181
186 188 190 197
188 190 197 198
188 190 197 199
189 188 186 187
189 188 190 197
190 188 186 187
190 197 199 200
190 197 199 201
191 190 188 186
191 190 188 189
191 190 197 198
191 190 197 199
192 190 188 186
192 190 188 189
192 190 197 198
192 190 197 199
193 192 190 188
193 192 190 191
193 192 190 197
194 192 190 188
194 192 190 191
194 192 190 197
195 192 190 188
195 192 190 191
195 192 190 197
196 195 192 190
196 195 192 193
196 195 192 194
197 199 201 221
199 201 221 222
199 201 221 223
200 199 197 198
200 199 201 221
201 199 197 198
201 221 223 224
201 221 223 225
202 201 199 197
202 201 199 200
202 201 221 222
202 201 221 223
203 201 199 197
203 201 199 200
203 201 221 222
203 201 221 223
204 203 201 199
204 203 201 202
204 203 201 221
205 203 201 199
205 203 201 202
205 203 201 221
206 203 201 199
206 203 201 202
206 203 201 221
206 209 212 214
207 206 203 201
207 206 203 204
207 206 203 205
208 206 203 201
208 206 203 204
208 206 203 205
209 206 203 201
209 206 203 204
209 206 203 205
210 209 206 203
210 209 206 207
210 209 206 208
210 209 212 214
211 209 206 203
211 209 206 207
211 209 206 208
211 209 212 214
212 209 206 203
212 209 206 207
212 209 206 208
213 212 209 206
213 212 209 210
213 212 209 211
215 214 212 209
215 214 212 213
216 215 214 212
217 215 214 212
218 214 212 209
218 214 212 213
218 214 215 216
218 214 215 217
219 218 214 212
219 218 214 215
220 218 214 212
220 218 214 215
221 223 225 241
223 225 227 230
223 225 241 242
223 225 241 243
224 223 221 222
224 223 225 241
225 223 221 222
225 241 243 244
225 241 243 245
226 225 223 221
226 225 223 224
226 225 227 230
226 225 241 242
226 225 241 243
227 225 223 221
227 225 223 224
227 225 241 242
227 225 241 243
228 227 225 223
228 227 225 226
228 227 225 241
229 227 225 223
229 227 225 226
229 227 225 241
231 230 227 225
231 230 227 228
231 230 227 229
232 231 230 227
233 231 230 227
234 233 231 230
234 233 231 232
235 233 231 230
235 233 231 232
235 237 239 230
236 235 233 231
236 235 233 234
237 235 233 231
237 235 233 234
237 239 230 227
237 239 230 231
238 237 235 233
238 237 235 236
238 237 239 230
239 230 227 225
239 230 227 228
239 230 227 229
239 230 231 232
239 230 231 233
239 237 235 233
239 237 235 236
240 239 230 227
240 239 230 231
240 239 237 235
240 239 237 238
241 225 227 230
241 243 245 248
243 245 248 249
243 245 248 250
244 243 241 242
244 243 245 248
245 243 241 242
246 245 243 241
246 245 243 244
246 245 248 249
246 245 248 250
247 245 243 241
247 245 243 244
247 245 248 249
247 245 248 250
